list1 <- c(1, 2, 3, 4, 5)
list2 <- c(6, 7, 8, 9, 10)
